476.123
476.496
476.868
477.240
477.611
477.983
478.355
478.727
479.099
479.470
479.842
480.214
480.585
480.957
481.328
481.699
482.071
482.442
482.813
483.185
483.556
483.927
484.298
484.669
485.040
485.411
485.782
486.152
486.523
486.894
487.265
487.635
488.006
488.376
488.747
489.117
489.488
489.858
490.228
490.599
490.969
491.339
491.709
492.079
492.449
492.819
493.189
493.559
493.929
494.299
494.668
495.038
495.408
495.777
496.147
496.516
496.886
497.255
497.624
497.994
498.363
498.732
499.101
499.470
499.840
500.209
500.578
500.946
501.315
501.684
502.053
502.422
502.790
503.159
503.528
503.896
504.265
504.633
505.001
505.370
505.738
506.106
506.475
506.843
507.211
507.579
507.947
508.315
508.683
509.051
509.419
509.786
510.154
510.522
510.889
511.257
511.624
511.992
512.359
512.727
513.094
513.461
513.829
514.196
514.563
514.930
515.297
515.664
516.031
516.398
516.765
517.132
517.499
517.865
518.232
518.599
518.965
519.332
519.698
520.065
520.431
520.798
521.164
521.530
521.896
522.262
522.629
522.995
523.361
523.727
524.093
524.458
524.824
525.190
525.556
525.921
526.287
526.653
527.018
527.384
527.749
528.115
528.480
528.845
529.211
529.576
529.941
530.306
530.671
531.036
531.401
531.766
532.131
532.496
532.860
533.225
533.590
533.955
534.319
534.684
535.048
535.413
535.777
536.141
536.506
536.870
537.234
537.598
537.962
538.326
538.690
539.054
539.418
539.782
540.146
540.510
540.874
541.237
541.601
541.965
542.328
542.692
543.055
543.418
543.782
544.145
544.508
544.872
545.235
545.598
545.961
546.324
546.687
547.050
547.413
547.776
548.138
548.501
548.864
549.226
549.589
549.952
550.314
550.676
551.039
551.401
551.764
552.126
552.488
552.850
553.212
553.574
553.936
554.298
554.660
555.022
555.384
555.746
556.107
556.469
556.831
557.192
557.554
557.915
558.277
558.638
559.000
559.361
559.722
560.083
560.445
560.806
561.167
561.528
561.889
562.250
562.611
562.971
563.332
563.693
564.054
564.414
564.775
565.135
565.496
565.856
566.217
566.577
566.937
567.298
567.658
568.018
568.378
568.738
569.098
569.458
569.818
570.178
570.538
570.898
571.257
571.617
571.977
572.336
572.696
573.055
573.415
573.774
574.134
574.493
574.852
575.211
575.571
575.930
576.289
576.648
577.007
577.366
577.725
578.083
578.442
578.801
579.160
579.518
579.877
580.235
580.594
580.952
581.311
581.669
582.027
582.386
582.744
583.102
583.460
583.818
584.176
584.534
584.892
585.250
585.608
585.966
586.323
586.681
587.039
587.396
587.754
588.111
588.469
588.826
589.184
589.541
589.898
590.255
590.613
590.970
591.327
591.684
592.041
592.398
592.755
593.111
593.468
593.825
594.182
594.538
594.895
595.251
595.608
595.964
596.321
596.677
597.033
597.390
597.746
598.102
598.458
598.814
599.170
599.526
599.882
600.238
600.594
600.950
601.305
601.661
602.017
602.372
602.728
603.083
603.439
603.794
604.150
604.505
604.860
605.215
605.571
605.926
606.281
606.636
606.991
607.346
607.701
608.055
608.410
608.765
609.120
609.474
609.829
610.183
610.538
610.892
611.247
611.601
611.955
612.310
612.664
613.018
613.372
613.726
614.080
614.434
614.788
615.142
615.496
615.850
616.204
616.557
616.911
617.264
617.618
617.972
618.325
618.678
619.032
619.385
619.738
620.092
620.445
620.798
621.151
621.504
621.857
622.210
622.563
622.916
623.268
623.621
623.974
624.326
624.679
625.032
625.384
625.737
626.089
626.441
626.794
627.146
627.498
627.850
628.202
628.554
628.906
629.258
629.610
629.962
630.314
630.666
631.018
631.369
631.721
632.073
632.424
632.776
633.127
633.479
633.830
634.181
634.532
634.884
635.235
635.586
635.937
636.288
636.639
636.990
637.341
637.692
638.043
638.393
638.744
639.095
639.445
639.796
640.146
640.497
640.847
641.197
641.548
641.898
642.248
642.598
642.949
643.299
643.649
643.999
644.349
644.698
645.048
645.398
645.748
646.098
646.447
646.797
647.146
647.496
647.845
648.195
648.544
648.893
649.243
649.592
649.941
650.290
650.639
650.988
651.337
651.686
652.035
652.384
652.733
653.081
653.430
653.779
654.127
654.476
654.824
655.173
655.521
655.870
656.218
656.566
656.915
657.263
657.611
657.959
658.307
658.655
659.003
659.351
659.699
660.046
660.394
660.742
661.089
661.437
661.785
662.132
662.480
662.827
663.174
663.522
663.869
664.216
664.563
664.910
665.258
665.605
665.952
666.298
666.645
666.992
667.339
667.686
668.032
668.379
668.726
669.072
669.419
669.765
670.112
670.458
670.804
671.151
671.497
671.843
672.189
672.535
672.881
673.227
673.573
673.919
674.265
674.611
674.956
675.302
675.648
675.993
676.339
676.684
677.030
677.375
677.721
678.066
678.411
678.756
679.102
679.447
679.792
680.137
680.482
680.827
681.172
681.517
681.861
682.206
682.551
682.895
683.240
683.585
683.929
684.274
684.618
684.962
685.307
685.651
685.995
686.339
686.683
687.028
687.372
687.716
688.060
688.403
688.747
689.091
689.435
689.778
690.122
690.466
690.809
691.153
691.496
691.840
692.183
692.526
692.870
693.213
693.556
693.899
694.242
694.585
694.928
695.271
695.614
695.957
696.300
696.642
696.985
697.328
697.670
698.013
698.356
698.698
699.040
699.383
699.725
700.067
700.410
700.752
701.094
701.436
701.778
702.120
702.462
702.804
703.146
703.487
703.829
704.171
704.513
704.854
705.196
705.537
705.879
706.220
706.561
706.903
707.244
707.585
707.926
708.268
708.609
708.950
709.291
709.632
709.973
710.313
710.654
710.995
711.336
711.676
712.017
712.357
712.698
713.038
713.379
713.719
714.060
714.400
714.740
715.080
715.420
715.760
716.100
716.440
716.780
717.120
717.460
717.800
718.140
718.479
718.819
719.159
719.498
719.838
720.177
720.517
720.856
721.195
721.535
721.874
722.213
722.552
722.891
723.230
723.569
723.908
724.247
724.586
724.925
725.263
725.602
725.941
726.279
726.618
726.956
727.295
727.633
727.972
728.310
728.648
728.987
729.325
729.663
730.001
730.339
730.677
731.015
731.353
731.691
732.028
732.366
732.704
733.042
733.379
733.717
734.054
734.392
734.729
735.066
735.404
735.741
736.078
736.415
736.753
737.090
737.427
737.764
738.101
738.438
738.774
739.111
739.448
739.785
740.121
740.458
740.795
741.131
741.467
741.804
742.140
742.477
742.813
743.149
743.485
743.821
744.158
744.494
744.830
745.165
745.501
745.837
746.173
746.509
746.844
747.180
747.516
747.851
748.187
748.522
748.858
749.193
749.528
749.864
750.199
750.534
750.869
751.204
751.539
751.874
752.209
752.544
752.879
753.214
753.549
753.883
754.218
754.553
754.887
755.222
755.556
755.891
756.225
756.559
756.893
757.228
757.562
757.896
758.230
758.564
758.898
759.232
759.566
759.900
760.234
760.567
760.901
761.235
761.568
761.902
762.235
762.569
762.902
763.236
763.569
763.902
764.236
764.569
764.902
765.235
765.568
765.901
766.234
766.567
766.900
767.232
767.565
767.898
768.231
768.563
768.896
769.228
769.561
769.893
770.226
770.558
770.890
771.222
771.555
771.887
772.219
772.551
772.883
773.215
773.547
773.879
774.210
774.542
774.874
775.205
775.537
775.869
776.200
776.532
776.863
777.194
777.526
777.857
778.188
778.519
778.851
779.182
779.513
779.844
780.175
780.506
780.836
781.167
781.498
781.829
782.159
782.490
782.821
783.151
783.481
783.812
784.142
784.473
784.803
785.133
785.463
785.793
786.124
786.454
786.784
787.114
787.443
787.773
788.103
788.433
788.763
789.092
789.422
789.751
790.081
790.410
790.740
791.069
791.399
791.728
792.057
792.386
792.715
793.044
793.373
793.702
794.031
794.360
794.689
795.018
795.347
795.675
796.004
796.333
796.661
796.990
797.318
797.647
797.975
798.303
798.632
798.960
799.288
799.616
799.944
800.272
800.600
800.928
801.256
801.584
801.912
802.240
802.567
802.895
803.223
803.550
803.878
804.205
804.533
804.860
805.187
805.515
805.842
806.169
806.496
806.823
807.150
807.477
807.804
808.131
808.458
808.785
809.112
809.438
809.765
810.092
810.418
810.745
811.071
811.398
811.724
812.050
812.377
812.703
813.029
813.355
813.681
814.007
814.333
814.659
814.985
815.311
815.637
815.962
816.288
816.614
816.939
817.265
817.591
817.916
818.241
818.567
818.892
819.217
819.543
819.868
820.193
820.518
820.843
821.168
821.493
821.818
822.143
822.468
822.792
823.117
823.442
823.766
824.091
824.416
824.740
825.064
825.389
825.713
826.037
826.362
826.686
827.010
827.334
827.658
827.982
828.306
828.630
828.954
829.278
829.601
829.925
830.249
830.572
830.896
831.219
831.543
831.866
832.190
832.513
832.836
833.160
833.483
833.806
834.129
834.452
834.775
835.098
835.421
835.744
836.067
836.389
836.712
837.035
837.357
837.680
838.002
838.325
838.647
838.970
839.292
839.614
839.937
840.259
840.581
840.903
841.225
841.547
841.869
842.191
842.513
842.835
843.156
843.478
843.800
844.121
844.443
844.764
845.086
845.407
845.729
846.050
846.371
846.693
847.014
847.335
847.656
847.977
848.298
848.619
848.940
849.261
849.582
849.902
850.223
850.544
850.864
851.185
851.505
851.826
852.146
852.467
852.787
853.107
853.428
853.748
854.068
854.388
854.708
855.028
855.348
855.668
855.988
856.308
856.627
856.947
857.267
857.586
857.906
858.225
858.545
858.864
859.184
859.503
859.822
860.142
860.461
860.780
861.099
861.418
861.737
862.056
862.375
862.694
863.013
863.331
863.650
863.969
864.287
864.606
864.924
865.243
865.561
865.880
866.198
866.516
866.835
867.153
867.471
867.789
868.107
868.425
868.743
869.061
869.379
869.697
870.014
870.332
870.650
870.967
871.285
871.603
871.920
872.237
872.555
872.872
873.189
873.507
873.824
874.141
874.458
874.775
875.092
875.409
875.726
876.043
876.360
876.676
876.993
877.310
877.626
877.943
878.260
878.576
878.893
879.209
879.525
879.842
880.158
880.474
880.790
881.106
881.422
881.738
882.054
882.370
882.686
883.002
883.318
883.633
883.949
884.265
884.580
884.896
885.211
885.527
885.842
886.157
886.473
886.788
887.103
887.418
887.733
888.048
888.363
888.678
888.993
889.308
889.623
889.938
890.252
890.567
890.882
891.196
891.511
891.825
892.140
892.454
892.768
893.083
893.397
893.711
894.025
894.339
894.653
894.967
895.281
895.595
895.909
896.223
896.537
896.850
897.164
897.478
897.791
898.105
898.418
898.732
899.045
899.358
899.672
899.985
900.298
900.611
900.924
901.238
901.551
901.863
902.176
902.489
902.802
903.115
903.428
903.740
904.053
904.365
904.678
904.990
905.303
905.615
905.928
906.240
906.552
906.864
907.176
907.489
907.801
908.113
908.425
908.737
909.048
909.360
909.672
909.984
910.295
910.607
910.919
911.230
911.542
911.853
912.164
912.476
912.787
913.098
913.409
913.721
914.032
914.343
914.654
914.965
915.276
915.587
915.897
916.208
916.519
916.830
917.140
917.451
917.761
918.072
918.382
918.693
919.003
919.313
919.623
919.934
920.244
920.554
920.864
921.174
921.484
921.794
922.104
922.413
922.723
923.033
923.343
923.652
923.962
924.271
924.581
924.890
925.200
925.509
925.818
926.128
926.437
926.746
927.055
927.364
927.673
927.982
928.291
928.600
928.909
929.217
929.526
929.835
930.143
930.452
930.761
931.069
931.377
931.686
931.994
932.303
932.611
932.919
933.227
933.535
933.843
934.151
934.459
934.767
935.075
935.383
935.691
935.998
936.306
936.614
936.921
937.229
937.536
937.844
938.151
938.458
938.766
939.073
939.380
939.687
939.994
940.301
940.608
940.915
941.222
941.529
941.836
942.143
942.450
942.756
943.063
943.369
943.676
943.982
944.289
944.595
944.902
945.208
945.514
945.820
946.126
946.433
946.739
947.045
947.351
947.657
947.962
948.268
948.574
948.880
949.185
949.491
949.797
950.102
950.408
950.713
951.018
951.324
951.629
951.934
952.240
952.545
952.850
953.155
953.460
953.765
954.070
954.375
954.679
954.984
955.289
955.594
955.898
956.203
956.507
956.812
957.116
957.421
957.725
958.029
958.334
958.638
958.942
959.246
959.550
959.854
960.158
960.462
960.766
961.070
961.373
961.677
961.981
962.284
962.588
962.892
963.195
963.499
963.802
964.105
964.409
964.712
965.015
965.318
965.621
965.924
966.227
966.530
966.833
967.136
967.439
967.742
968.044
968.347
968.650
968.952
969.255
969.557
969.860
970.162
970.465
970.767
971.069
971.371
971.673
971.976
972.278
972.580
972.882
973.183
973.485
973.787
974.089
974.391
974.692
974.994
975.296
975.597
975.899
976.200
976.501
976.803
977.104
977.405
977.707
978.008
978.309
978.610
978.911
979.212
979.513
979.814
980.114
980.415
980.716
981.017
981.317
981.618
981.918
982.219
982.519
982.820
983.120
983.420
983.721
984.021
984.321
984.621
984.921
985.221
985.521
985.821
986.121
986.421
986.721
987.020
987.320
987.620
987.919
988.219
988.518
988.818
989.117
989.416
989.716
990.015
990.314
990.613
990.912
991.211
991.510
991.809
992.108
992.407
992.706
993.005
993.304
993.602
993.901
994.199
994.498
994.796
995.095
995.393
995.692
995.990
996.288
996.586
996.885
997.183
997.481
997.779
998.077
998.375
998.673
998.970
999.268
999.566
999.864
1000.161
1000.459
1000.756
1001.054
1001.351
1001.649
1001.946
1002.243
1002.541
1002.838
1003.135
1003.432
1003.729
1004.026
1004.323
1004.620
1004.917
1005.214
1005.510
1005.807
1006.104
1006.400
1006.697
1006.994
1007.290
1007.587
1007.883
1008.179
1008.476
1008.772
1009.068
1009.364
1009.660
1009.956
1010.252
1010.548
1010.844
1011.140
1011.436
1011.732
1012.028
1012.323
1012.619
1012.914
1013.210
1013.505
1013.801
1014.096
1014.392
1014.687
1014.982
1015.277
1015.573
1015.868
1016.163
1016.458
1016.753
1017.048
1017.343
1017.637
1017.932
1018.227
1018.522
1018.816
1019.111
1019.405
1019.700
1019.994
1020.289
1020.583
1020.877
1021.172
1021.466
1021.760
1022.054
1022.348
1022.642
1022.936
1023.230
1023.524
1023.818
1024.112
1024.405
1024.699
1024.993
1025.286
1025.580
1025.873
1026.167
1026.460
1026.753
1027.047
1027.340
1027.633
1027.926
1028.219
1028.512
1028.806
1029.098
1029.391
1029.684
1029.977
1030.270
1030.563
1030.855
1031.148
1031.441
1031.733
1032.026
1032.318
1032.610
1032.903
1033.195
1033.487
1033.780
1034.072
1034.364
1034.656
1034.948
1035.240
1035.532
1035.824
1036.116
1036.407
1036.699
1036.991
1037.282
1037.574
1037.865
1038.157
1038.448
1038.740
1039.031
1039.322
1039.614
1039.905
1040.196
1040.487
1040.778
1041.069
1041.360
1041.651
1041.942
1042.233
1042.524
1042.814
1043.105
1043.396
1043.686
1043.977
1044.267
1044.558
1044.848
1045.139
1045.429
1045.719
1046.009
1046.300
1046.590
1046.880
1047.170
1047.460
1047.750
1048.040
1048.329
1048.619
1048.909
1049.199
1049.488
1049.778
1050.067
1050.357
1050.646
1050.936
1051.225
1051.514
1051.804
1052.093
1052.382
1052.671
1052.960
1053.249
1053.538
1053.827
1054.116
1054.405
1054.694
1054.982
1055.271
1055.560
1055.848
1056.137
1056.425
1056.714
1057.002
1057.290
1057.579
1057.867
1058.155
1058.443
1058.732
1059.020
1059.308
1059.596
1059.884
1060.171
1060.459
1060.747
1061.035
1061.322
1061.610
1061.898
1062.185
1062.473
1062.760
1063.048
1063.335
1063.622
1063.909
1064.197
1064.484
1064.771
1065.058
1065.345
1065.632
1065.919
1066.206
1066.493
1066.779
1067.066
1067.353
1067.640
1067.926
1068.213
1068.499
1068.786
1069.072
1069.358
1069.645
1069.931
1070.217
1070.503
1070.789
1071.076
1071.362
1071.648
1071.933
1072.219
1072.505
1072.791
1073.077
1073.362
1073.648
1073.934
1074.219
1074.505
1074.790
1075.076
1075.361
1075.646
1075.931
1076.217
1076.502
1076.787
1077.072
1077.357
1077.642
1077.927
1078.212
1078.497
1078.781
1079.066
1079.351
1079.636
1079.920
1080.205
1080.489
1080.774
1081.058
1081.342
1081.627
1081.911
1082.195
1082.479
1082.763
1083.048
1083.332
1083.616
1083.899
1084.183
1084.467
1084.751
1085.035
1085.318
1085.602
1085.886
1086.169
1086.453
1086.736
1087.020
1087.303
1087.586
1087.869
1088.153
1088.436
1088.719
1089.002
1089.285
1089.568
1089.851
1090.134
1090.417
1090.699
1090.982
1091.265
1091.548
1091.830
1092.113
1092.395
1092.678
1092.960
1093.242
1093.525
1093.807
1094.089
1094.371
1094.653
1094.936
1095.218
1095.500
1095.781
1096.063
1096.345
1096.627
1096.909
1097.190
1097.472
1097.754
1098.035
1098.317
1098.598
1098.880
1099.161
1099.442
1099.724
1100.005
1100.286
1100.567
1100.848
1101.129
1101.410
1101.691
1101.972
1102.253
1102.534
1102.814
1103.095
1103.376
1103.656
1103.937
1104.217
1104.498
1104.778
1105.058
1105.339
1105.619
1105.899
1106.179
1106.460
1106.740
1107.020
1107.300
1107.580
1107.859
1108.139
1108.419
1108.699
1108.979
1109.258
1109.538
1109.817
1110.097
1110.376
1110.656
1110.935
1111.214
1111.494
1111.773
1112.052
1112.331
1112.610
1112.889
1113.168
1113.447
1113.726
1114.005
1114.284
1114.562
1114.841
1115.120
1115.398
1115.677
1115.955
1116.234
1116.512
1116.791
1117.069
1117.347
1117.625
1117.904
1118.182
1118.460
1118.738
1119.016
1119.294
1119.572
1119.849
1120.127
1120.405
1120.683
1120.960
1121.238
1121.515
1121.793
1122.070
1122.348
1122.625
1122.903
1123.180
1123.457
1123.734
1124.011
1124.288
1124.565
1124.842
1125.119
1125.396
1125.673
1125.950
1126.227
1126.503
1126.780
1127.057
1127.333
1127.610
1127.886
1128.162
1128.439
1128.715
1128.991
1129.268
1129.544
1129.820
1130.096
1130.372
1130.648
1130.924
1131.200
1131.476
1131.751
1132.027
1132.303
1132.579
1132.854
1133.130
1133.405
1133.681
1133.956
1134.231
1134.507
1134.782
1135.057
1135.332
1135.608
1135.883
1136.158
1136.433
1136.708
1136.982
1137.257
1137.532
1137.807
1138.082
